p1 = [7,8,9]

p2 = [6] : p1

